widget 0 36405 32700
widget 1 33116 39476
widget 2 33204 34180
widget 3 33120 32649
widget 4 38599 33245
widget 5 33218 32441
widget 6 35183 36062
widget 7 35506 32842
widget 8 35631 35379
widget 9 33143 32862
primitive 0 67225 32988
primitive 1 65303 64696
primitive 2 70716 76246
primitive 3 75117 72111
primitive 4 75705 75187
primitive 5 71613 64671
primitive 6 67009 64261
primitive 7 65500 64762
primitive 8 64535 64458
primitive 9 67072 32939
bitmap 0 69700 16345
bitmap 1 64763 16138
bitmap 2 69377 16086
bitmap 3 64829 36187
bitmap 4 64822 72628
bitmap 5 66554 403499
bitmap 6 66027 3029351
