1634491623 1
1634493368 2
1634495687 3
1634495804 4
1634501434 5
1634543490 6
1634584521 7
1634634368 8
1634820918 9
1634835744 10
1634853486 12
1634853556 13
1634854813 14
1635253991 15
1635268279 16
1635325774 17
1635326701 18
1635539740 19
1635540304 20
1636057265 21
1636057953 22
1636214554 23
1636216102 24
1636218003 25
1636537384 26
1636545740 27
1636545902 28
1636585043 29
1636585988 30
1636621535 31
1636625935 32
1636627337 33
1636640395 34
1636640690 35
1636641691 36
1636649039 37
1636650951 38
1636655038 39
1636709188 40
1636716258 41
1636723485 42
1636727625 43
1636733061 44
1636733690 45
1636752789 46
1636807138 47
1636807490 48
1636807744 49
1636815757 50
1636819425 51
1636826959 52
1636879351 53
1637105167 54
1637158142 55
1637757256 56
1637841386 57
1637847730 58
1637847874 59
1637849284 60
1637922704 61
1637928187 62
1637943153 63
1638016509 64
1638024127 65
1639323723 66
1639753739 67
1639767341 68
1640189309 69
1640272864 70
1640786969 71
1640792592 72
1640795353 73
1640803397 74
1640853348 75
1641288225 76
1641295602 77
1641297406 78
1641298030 79
1641298795 80
1641299015 81
1641299215 82
1641310450 83
1641379871 84
1641390801 85
1641392422 86
1641394798 87
1641397462 88
1641399578 89
1641401412 90
1641402268 91
1641402598 92
1641403163 93
1641403589 94
1641404110 95
1641404851 96
1641478775 97
1641481388 98
1641491796 99
1641493447 100
1642025259 101
1642060635 102
1642069158 103
1642083082 104
1642092028 105
1642092538 106
1642107877 107
1642156037 109
1642156627 110
1642162103 111
1642169661 112
1642702317 113
1642773061 114
1642780676 115
1642784307 116
1642786978 117
1642795868 118
1642796195 119
1642797272 120
1642844423 121
1642845032 122
1642845847 123
1642870206 124
1642870441 125
1643572808 126
1643573409 127
1644487155 128
