1634491623 816
1634495687 811
1634495804 811
1634501434 811
1634543490 811
1634584521 1077
1634634368 1111
1634820918 1096
1634835744 1099
1634853486 1112
1634853556 1112
1634854813 1112
1635253991 2433
1635268279 4469
1635325774 5492
1635326701 7510
1635539740 8606
1635540304 8449
1636057265 8448
1636057953 8442
1636214554 10573
1636216102 10605
1636218003 10556
1636537384 10735
1636545740 10907
1636545902 10908
1636585043 11005
1636585988 11009
1636621535 11007
1636625935 13055
1636627337 15042
1636640395 14140
1636640690 14149
1636641691 15164
1636649039 15079
1636650951 15081
1636655038 15161
1636709188 15212
1636716258 15228
1636723485 15146
1636727625 15193
1636733061 15199
1636733690 15206
1636752789 15238
1636807138 15281
1636807490 15282
1636807744 15282
1636815757 15324
1636819425 15460
1636826959 15447
1636879351 15449
1637105167 15455
1637158142 15456
1637757256 16031
1637841386 16224
1637847730 16278
1637847874 16280
1637849284 16291
1637922704 16567
1637928187 16564
1637943153 16700
1638016509 16761
1638024127 16820
1639323723 17517
1639753739 17694
1639767341 17705
1640189309 31536
1640272864 31645
1640786969 18136
1640792592 18169
1640795353 18161
1640803397 18253
1640853348 18278
1641288225 18670
1641295602 18689
1641297406 18684
1641298030 18607
1641298795 18619
1641299015 18616
1641299215 18617
1641310450 18585
1641379871 18162
1641390801 18167
1641392422 18195
1641394798 18224
1641397462 18243
1641399578 18244
1641401412 18287
1641402268 18291
1641402598 18291
1641403163 18304
1641403589 18317
1641404110 18312
1641404851 18315
1641478775 18429
1641481388 18436
1641491796 18456
1641493447 18458
1642025259 18967
1642060635 18969
1642069158 18998
1642083082 18998
1642092028 19095
1642092538 19101
1642107877 19111
1642156037 19275
1642156627 19275
1642162103 19350
1642169661 19424
1642702317 19373
1642773061 19414
1642780676 19430
1642784307 19431
1642786978 19446
1642795868 19480
1642796195 19480
1642797272 19502
1642844423 19534
1642845032 19551
1642845847 19556
1642870206 19616
1642870441 19614
1643572808 19739
1643573409 19751
1644487155 19773
