1634491623 816
1634493368 853
1634495687 905
1634495804 905
1634501434 924
1634543490 930
1634584521 1250
1634634368 1293
1634820918 1328
1634835744 1337
1634853486 1377
1634853556 1377
1634854813 1388
1635253991 2739
1635268279 4861
1635325774 5910
1635326701 7937
1635539740 9043
1635540304 9043
1636057265 9048
1636057953 9050
1636214554 11247
1636216102 11280
1636218003 11296
1636537384 11478
1636545740 11652
1636545902 11656
1636585043 11762
1636585988 11767
1636621535 11777
1636625935 13867
1636627337 15896
1636640395 15996
1636640690 16006
1636641691 17027
1636649039 17110
1636650951 17119
1636655038 17206
1636709188 17287
1636716258 17344
1636723485 17421
1636727625 17484
1636733061 17497
1636733690 17506
1636752789 17553
1636807138 17605
1636807490 17615
1636807744 17623
1636815757 17696
1636819425 17855
1636826959 17872
1636879351 17877
1637105167 17886
1637158142 17891
1637757256 18470
1637841386 18695
1637847730 18764
1637847874 18767
1637849284 18795
1637922704 19094
1637928187 19094
1637943153 19282
1638016509 19352
1638024127 19429
1639323723 20132
1639753739 20469
1639767341 20484
1640189309 34371
1640272864 34529
1640786969 34633
1640792592 34675
1640795353 34717
1640803397 34831
1640853348 34873
1641288225 35663
1641295602 35694
1641297406 35700
1641298030 35709
1641298795 35729
1641299015 35729
1641299215 35730
1641310450 35792
1641379871 35937
1641390801 35974
1641392422 36010
1641394798 36044
1641397462 36089
1641399578 36098
1641401412 36160
1641402268 36167
1641402598 36172
1641403163 36188
1641403589 36203
1641404110 36205
1641404851 36213
1641478775 36439
1641481388 36465
1641491796 36496
1641493447 36521
1642025259 37058
1642060635 37094
1642069158 37262
1642083082 37274
1642092028 37402
1642092538 37412
1642107877 37452
1642156037 37810
1642156627 37810
1642162103 37897
1642169661 37978
1642702317 37996
1642773061 38058
1642780676 38091
1642784307 38178
1642786978 38246
1642795868 38282
1642796195 38284
1642797272 38315
1642844423 38386
1642845032 38404
1642845847 38419
1642870206 38484
1642870441 38487
1643572808 38692
1643573409 38704
1644487155 38737
